RedSea        1038,2564
InBrotherhood 1048
RavensFlock   1403,1417,1533,1606
GoBills       1048
KeepPounding  1050,2904,2916
Bears100      1316,1533,1537,1606,1944,2262,2348,2816
SeizeTheDEY   1045,2157
Browns        54,1050,2049,2157,2348,2594,2904,2916
DallasCowboys 839,1004,1488,1745,1862,1869,2014,2025,2058,2077,3424
BroncosCountry515,3342
OnePride      954,1045,2348
GoPackGo      744,1045
WeAreTexans   380,1038
Colts         340,1038,1161,2157,3342
DUUUVAL       1045
ChiefsKingdom 51,524,574,2904,2916
BoltUp        1533,1606
LARams        1048,1365,2157
FinsUp        1048
Skol          1045,2132,2157,2186,2243,2313,2442,2455,2576,2591,2635,2639,2645,2660,2694,2807,2984,3019,3029,3105,3117,3415,3446,3473,3476,3586,3617
GoPats        2157
Saints        54,240,340,407,734,1099,1210,1225,1289,1316,1375,1419,1477,1533,1537,1599,1600,1606,1610,1667,1701,1859,1985,2157,2666,2732,2740,2816,3213,3558
GiantsPride   308,1038,2157
TakeFlight    2157
RaiderNation  1045,2296,3590
FlyEaglesFly  1338,1488,1495,1745,2157,3364
HereWeGo      1050
GoNiners      1038,2157,2904,2916
Seahawks      802,1323,1340,1365,1417,1533,1606,1669,1839,1859,2157,3065
GoBucs        2239
Titans        251,1073,1202,1373,1533,1606,1666,1859,1944,2709,2714
HTTR          929,1038,2132,2157,2186,2243,2313,2334,2455,2510,2542,2576,2673,2807,2835,2877,2904,2916,3019,3117,3241,3415,3446,3473,3476,3586,3627,3668,3699,3726,3737
